      OCC  CUMUL_OCC  CITAB_YEAR   GCS  CUMUL_GCS    MEAN_GCS  MEAN_GCS_PER_YEAR  LCS  CUMUL_LCS  MEAN_LCS  MEAN_LCS_PER_YEAR
YEAR                                                                                                                         
1983    1          1          44     3          3    3.000000               0.07    0          0       0.0                0.0
1986    1          2          41     3          6    3.000000               0.07    0          0       0.0                0.0
1989    1          3          38     4         10    4.000000               0.11    0          0       0.0                0.0
1993    1          4          34    66         76   66.000000               1.94    0          0       0.0                0.0
1994    1          5          33    55        131   55.000000               1.67    0          0       0.0                0.0
1995    1          6          32     3        134    3.000000               0.09    0          0       0.0                0.0
1996    1          7          31   198        332  198.000000               6.39    0          0       0.0                0.0
1997    2          9          30    11        343    5.500000               0.18    0          0       0.0                0.0
1998    5         14          29   213        556   42.600000               1.47    0          0       0.0                0.0
1999    1         15          28     0        556    0.000000               0.00    0          0       0.0                0.0
2000    1         16          27    35        591   35.000000               1.30    0          0       0.0                0.0
2001    1         17          26     0        591    0.000000               0.00    0          0       0.0                0.0
2002    3         20          25   375        966  125.000000               5.00    0          0       0.0                0.0
2003    6         26          24   156       1122   26.000000               1.08    0          0       0.0                0.0
2004    3         29          23   912       2034  304.000000              13.22    0          0       0.0                0.0
2005    3         32          22    61       2095   20.333333               0.92    0          0       0.0                0.0
2006    5         37          21   375       2470   75.000000               3.57    0          0       0.0                0.0
2007    4         41          20   485       2955  121.250000               6.06    0          0       0.0                0.0
2008    6         47          19   314       3269   52.333333               2.75    0          0       0.0                0.0
2009   14         61          18   232       3501   16.571429               0.92    0          0       0.0                0.0
2010   11         72          17   509       4010   46.272727               2.72    0          0       0.0                0.0
2011    9         81          16   205       4215   22.777778               1.42    0          0       0.0                0.0
2012   14         95          15   293       4508   20.928571               1.40    0          0       0.0                0.0
2013   22        117          14  1296       5804   58.909091               4.21    0          0       0.0                0.0
2014   11        128          13   313       6117   28.454545               2.19    0          0       0.0                0.0
2015   23        151          12   900       7017   39.130435               3.26    0          0       0.0                0.0
2016   33        184          11  1629       8646   49.363636               4.49    0          0       0.0                0.0
2017   55        239          10  4983      13629   90.600000               9.06    0          0       0.0                0.0
2018   50        289           9  2450      16079   49.000000               5.44    0          0       0.0                0.0
2019   66        355           8  2960      19039   44.848485               5.61    0          0       0.0                0.0
2020  123        478           7  6242      25281   50.747967               7.25    0          0       0.0                0.0
2021  150        628           6  4428      29709   29.520000               4.92    0          0       0.0                0.0
2022  194        822           5  6953      36662   35.840206               7.17    0          0       0.0                0.0
2023  224       1046           4  5054      41716   22.562500               5.64    0          0       0.0                0.0
2024  352       1398           3  3905      45621   11.093750               3.70    0          0       0.0                0.0
2025  494       1892           2  2451      48072    4.961538               2.48    0          0       0.0                0.0
2026  226       2118           1   138      48210    0.610619               0.61    0          0       0.0                0.0